746 2.28 0.512395653853 0.0205748765219 0.85850298099
765 3.88 0.697223171679 0.0286556997616 -0.716281159703
1562 3.56 0.984615692249 0.0836654075518 -0.15340155852
1599 4.23 0.423046359413 0.0372878598051 -0.905340484734
2021 2.82 0.219239339731 0.0249258420821 -0.975352661508
2072 3.93 0.71848936577 0.0825163876751 -0.690625858943
2599 4.17 0.450342024686 0.0652965456913 0.890465283951
2920 3.69 0.581589864973 0.0946449625798 0.807957647416
3092 3.27 0.845808165646 0.146592539928 0.512951434509
3179 2.24 0.542804830141 0.096954886189 0.834243769182
3419 2.04 0.933974510016 0.179830761671 -0.308792020294
4427 2.15 0.474229930974 0.11980020501 0.872212063347
5364 3.46 0.940492249494 0.290205251377 -0.176791517658
5372 4.24 0.0623635268745 0.0192962850377 0.997866946992
5447 2.07 0.77555479871 0.243550473646 0.582407006298
6537 3.6 0.924038390402 0.354806380304 -0.142356895014
6686 2.66 0.462036274717 0.181599098987 0.868069264571
6867 3.41 0.674130777486 0.273616098399 -0.686062625088
7083 3.93 0.603860529297 0.254012635912 -0.755532952263
7513 4.1 0.684162697996 0.307449607067 0.661359313676
7588 0.45 0.492716614365 0.223810161705 -0.840915780234
7607 3.59 0.601445181858 0.274076537781 0.750430372958
8068 4.01 0.569826263921 0.276881313413 0.773714913407
8102 3.49 0.86420207464 0.421656191672 -0.274519271113
8645 3.74 0.869704874133 0.459811441725 -0.179406995317
8796 3.42 0.765951842806 0.411914290038 0.493603476655
8886 3.35 0.389423825076 0.212313738951 0.896254406246
8903 2.64 0.820246928 0.448338010944 0.355229510385
9007 3.69 0.543205622349 0.301038725645 -0.783775055428
9236 2.86 0.41356585658 0.235847195903 -0.879397169916
9347 3.99 0.808065347761 0.466573782505 -0.359637733319
9598 3.95 0.259260879638 0.154906862766 0.953303550899
9884 2.01 0.779676439448 0.483313702703 0.398136301471
10064 3.0 0.691842860909 0.438833612767 0.573392113754
10602 3.56 0.515169453091 0.349165079083 -0.78274145294
10670 4.03 0.68586217329 0.468370100987 0.556976236253
11001 4.08 0.296499441257 0.210996363166 -0.931433634815
11407 4.24 0.539238545394 0.402617006767 -0.739676508362
11767 1.97 0.0101254708257 0.00790266067176 0.999917507995
12387 4.08 0.767480210696 0.641046998983 0.00573334846464
12394 4.12 0.284074344364 0.237510177009 -0.928919093727
12486 4.11 0.586617579543 0.495162955514 -0.640853698482
13209 3.61 0.655432124382 0.600515505414 0.458028228482
13254 4.22 0.577088844688 0.531539992226 0.620027178437
13268 3.77 0.412240495485 0.380063045173 0.828015613123
13531 3.93 0.438470713525 0.417030871923 0.79613358505
13701 3.89 0.709394470975 0.687625210033 -0.154696655028
14135 2.54 0.698257231881 0.712286051471 0.0713121238329
14146 4.08 0.641056953568 0.65456068137 -0.400744677678
14328 2.91 0.411646688877 0.429248181789 0.803923505047
14354 3.32 0.538180126057 0.563073661355 0.627144483996
14632 4.05 0.439611417779 0.476004255316 0.761683497445
14668 3.79 0.480043425458 0.521590421542 0.705338033733
15474 3.7 0.598490941474 0.710213454831 -0.370682399839
15863 1.79 0.404979561824 0.501554278575 0.764483394292
15900 3.61 0.618800905064 0.769714130671 0.156925450255
16369 4.14 0.590359122299 0.775471834231 0.223873940048
16537 3.72 0.590495433054 0.790133902145 -0.164327600311
17358 3.01 0.378319660924 0.555249969042 0.740656267129
17440 3.84 0.237706171711 0.353123292441 -0.904875525288
17499 3.72 0.507501809436 0.758641793535 0.408539523817
17573 3.87 0.503341626879 0.759222037757 0.412588298471
17608 4.14 0.503335658294 0.762817437885 0.405909807159
17651 4.22 0.504278726761 0.768017933366 -0.394780217038
17678 3.26 0.148695141728 0.227322292717 -0.962400296166
17702 2.85 0.498864924756 0.764418653745 0.408408996784
17874 4.17 0.435199968155 0.679541930651 -0.590613030845
18532 2.9 0.389159304301 0.659701098452 0.642922620987
18543 2.97 0.493384310591 0.837856456627 -0.233598972926
18724 3.41 0.485655083033 0.846973811626 0.216274137945
18907 3.91 0.48536162521 0.868064914874 0.10434268704
19343 3.96 0.314167764117 0.595004056143 0.739776175045
19587 4.04 0.451279478644 0.884406182652 -0.119048461733
19747 3.85 0.330037500455 0.661974492504 -0.672952464568
19780 3.33 0.205443451357 0.41398316794 -0.886798130894
19812 4.12 0.293858998751 0.595218149368 0.747905236989
20042 3.55 0.358095732191 0.749885837732 -0.556272124913
20205 3.65 0.407773314946 0.872441386643 0.269382535606
20455 3.77 0.391856801692 0.869252328281 0.301411076018
20535 3.97 0.337006405984 0.757272618052 -0.55943262711
20635 4.21 0.371268341433 0.84749661625 0.379353798049
20885 3.84 0.373436562687 0.885956693855 0.27500158229
20889 3.53 0.366692570577 0.870400629937 0.328541172593
21393 3.81 0.310161402996 0.803275519664 -0.508476492672
21421 0.87 0.34390034066 0.894979369457 0.284155738882
22109 4.01 0.318845897747 0.94610458404 -0.0567750785901
22449 3.19 0.299112024138 0.946489666563 0.12119945588
22549 3.68 0.294269311263 0.950718582404 0.0976716413331
22797 3.71 0.28270573248 0.958260922211 0.0425849009296
22957 4.06 0.266497423641 0.935077249345 0.233687100522
23015 2.69 0.227241880908 0.805654557913 0.54706659638
23416 3.03 0.180738609439 0.698473419886 0.692436594044
23453 3.69 0.187223212536 0.730222451787 0.657056039919
23522 4.03 0.120555753709 0.478343904668 0.869858275304
23685 3.19 0.217987675837 0.898675985548 -0.380608520902
23767 3.18 0.173910358074 0.731636949967 0.659137740384
23875 2.78 0.224708127036 0.970383830128 -0.0886649867227
24305 3.29 0.19582687895 0.940087189358 -0.279084055234
24436 0.18 0.195051857127 0.97036264455 -0.142657320506
25247 4.13 0.155210894979 0.978494750909 -0.135858752105
25336 1.64 0.150629193544 0.982384601812 0.110595389487
25606 2.81 0.129146087233 0.926112929504 -0.354451872555
25859 3.86 0.10202618357 0.807996565593 -0.580286315414
26207 3.39 0.106645287082 0.979216492027 0.172516215136
26241 2.75 0.106419584015 0.988975827524 -0.102964482768
26311 1.69 0.103578783764 0.994400041535 -0.0209760088713
26366 4.09 0.099266849076 0.981881021997 0.161417939887
26451 2.97 0.090832752106 0.928252921349 0.360688127268
26634 2.65 0.0734558748722 0.825048959788 -0.560266408416
27072 3.59 0.0626309027538 0.922087503814 -0.381879569144
27288 3.55 0.0549942511216 0.965159930329 -0.255816225503
27321 3.85 0.0348469891063 0.627456241721 -0.777871680983
27628 3.12 0.0319929406113 0.810776153127 -0.584481378037
27654 3.76 0.0353517336942 0.933646161589 -0.356447892229
27673 3.97 0.0287889620669 0.774977924621 0.631332251681
27989 0.45 0.0208875519363 0.991435155801 0.128918741912
28328 3.96 0.00272943216503 0.733544623606 -0.679635810842
28358 3.72 0.00119685262409 0.58376658617 0.811920649088
28360 1.9 0.00146014348224 0.707753779548 0.706457681334
28380 2.65 0.000965454769884 0.796400252719 0.60476913394
28734 4.16 -0.0165153146843 0.91855478626 0.394948539711
29651 3.99 -0.0643855907193 0.991921547572 -0.109298395094
30122 3.02 -0.0766097398056 0.862074717294 -0.500957213312
30277 3.85 -0.080393292771 0.830614068703 -0.55101468887
30324 1.98 -0.0940679409922 0.946631632772 -0.308285215853
30438 -0.62 -0.0632244889594 0.602743348721 -0.795426375957
30883 4.13 -0.118277339987 0.93093668505 0.34549581658
31592 3.95 -0.150469649262 0.931984667037 -0.329793063993
31685 3.17 -0.119573181701 0.71914394275 -0.684495612713
32246 3.06 -0.172482972044 0.888756303283 0.424690308025
32349 -1.44 -0.187404445449 0.939197512501 -0.287728355116
32362 3.35 -0.191368178237 0.955812780594 0.223159469465
32607 3.24 -0.0981776318495 0.46003282576 -0.882457337115
32759 3.5 -0.181954105336 0.823448864333 -0.537424107554
32768 2.94 -0.137167579514 0.619526583625 -0.772898355098
33018 3.6 -0.189359189163 0.807512810303 0.558628820127
33152 3.89 -0.213469293732 0.886904902305 -0.409671276636
33579 1.5 -0.221358610227 0.846388344671 -0.484383252893
33856 3.49 -0.235056060002 0.851638225189 -0.468466628538
33977 3.02 -0.2483875667 0.880355484867 -0.404076523659
34045 4.11 -0.264463577569 0.925980248883 -0.269480230848
34088 4.01 -0.25849022787 0.899850866136 0.351356259101
34444 1.83 -0.263358597036 0.856175542661 -0.444528614958
34769 4.15 -0.308442548083 0.951204099981 -0.00859969253713
35037 4.01 -0.286282941037 0.845657066662 -0.450451110862
35228 3.97 -0.123470526037 0.354408694411 -0.926903180772
35350 3.58 -0.32035693202 0.903506596618 0.284688015157
35550 3.5 -0.317621137216 0.871206889645 0.374319874744
36046 3.78 -0.323215401323 0.823437188504 0.466350727389
36188 2.89 -0.367286683978 0.918866662152 0.144168474221
36377 3.25 -0.276240444713 0.673301772093 -0.685825007127
36962 4.06 -0.362463302049 0.814856123189 0.452360313432
37279 0.4 -0.418060016277 0.903851972456 0.0909804082113
37504 3.93 -0.12848896128 0.269918473493 -0.954271766582
37629 4.23 -0.381484252436 0.788142018808 0.483013378005
37677 3.94 -0.382915601333 0.786767980512 -0.484119599993
37819 3.62 -0.349463093753 0.706660408993 -0.615228910623
37826 1.16 -0.391467104292 0.791185164801 0.469871834926
38170 3.34 -0.416481891516 0.806106321006 -0.420399135671
38414 3.71 -0.357220030376 0.670302036237 -0.650452942275
38835 4.2 -0.449680066094 0.80412673717 -0.388803329109
39429 2.21 -0.393329960755 0.657314928372 -0.642828613949
39757 2.83 -0.481410347053 0.773851614102 -0.41157958781
39953 1.75 -0.362955961843 0.572300489794 -0.735346937944
41307 3.91 -0.592247712414 0.802870514406 -0.0681291731787
41312 3.77 -0.240253942237 0.32547134297 -0.914519791008
41704 3.35 -0.298192293853 0.387703036221 0.872219990365
42312 4.11 -0.46440289726 0.565154041677 -0.681858385732
42313 4.14 -0.631771651393 0.768756940618 0.0993848416373
42515 3.97 -0.524828174674 0.624897405267 -0.577978044531
42536 3.6 -0.388128996601 0.461357846409 -0.797812521558
42570 3.77 -0.4426887163 0.524658863755 -0.727158701484
42828 3.68 -0.547927057823 0.632589117951 -0.547363633388
42884 4.05 -0.483506226819 0.554260954994 -0.677507581062
43409 4.02 -0.599617078586 0.651341604133 -0.464987606066
43783 3.84 -0.339070445949 0.354055231704 -0.871594014198
43813 3.11 -0.689020547973 0.717301111723 0.103584745941
44382 4.0 -0.286134844801 0.280090231758 -0.916338536058
44511 3.75 -0.490006307935 0.472560375039 -0.732516559627
44816 2.23 -0.531087742858 0.495267440433 -0.687499797697
45080 3.43 -0.38155853677 0.346682355383 -0.856868967511
45101 3.96 -0.34426859063 0.311952744952 -0.885530701005
45238 1.67 -0.258822266107 0.23062079952 -0.937989915402
45336 3.89 -0.749403395439 0.660882753931 0.0403551293118
45556 2.21 -0.387181792131 0.333354116311 -0.859630905087
45688 3.82 -0.610774283014 0.517776016777 0.599051560101
45860 3.14 -0.634552310413 0.527518266046 0.564860907071
45941 2.47 -0.442648808532 0.364524206509 -0.819258283555
46701 3.16 -0.43345063663 0.328944858819 -0.838996916241
46733 3.65 -0.361246583574 0.273374593089 0.89149718884
46853 3.17 -0.49659880883 0.371409341594 0.784502851522
46974 4.08 -0.411839339236 0.303512818912 -0.859225422933
47431 3.9 -0.818630925555 0.573973357092 -0.0199497637467
48319 3.78 -0.43507505368 0.274569580804 0.857508742208
48356 4.11 -0.818568406551 0.514091413105 -0.256233843917
48455 3.88 -0.76375023928 0.473734452543 0.438476043215
48774 3.52 -0.498053179229 0.296716917994 -0.814801878518
49583 3.48 -0.844116245092 0.451983032541 0.288407876221
50099 3.29 -0.305353339988 0.152684741461 -0.939918457891
50191 3.85 -0.664846050858 0.328832838493 -0.67070760618
50335 3.43 -0.825973303678 0.399777185115 0.397424588913
50371 3.39 -0.432165876808 0.208261607605 -0.877416524645
50372 3.45 -0.659776298451 0.317911720468 0.680901882793
50954 3.99 -0.251512651881 0.111462974166 -0.961414266242
51069 3.83 -0.877895888196 0.381319884432 -0.289644532533
51232 3.81 -0.477571287455 0.203016234143 -0.854815812952
51576 3.3 -0.439795071854 0.17763580531 -0.880355505148
51839 4.11 -0.18423972171 0.0712171536594 -0.980297833298
52419 2.74 -0.407983286061 0.142562333144 -0.901790230299
52943 3.11 -0.91541068176 0.290268142286 -0.278868587857
53229 3.79 -0.792187570152 0.23723856522 0.562278149023
53253 3.78 -0.495612421426 0.147990484011 -0.855842943752
53740 4.08 -0.916831902673 0.246672105608 -0.3139619954
53910 2.34 -0.535915332236 0.138986080163 0.83275304034
54463 3.93 -0.502498302659 0.114649939241 -0.856942732776
54872 2.56 -0.91782042153 0.186268530182 0.350584809264
54879 3.33 -0.944808039626 0.191197921626 0.266047219538
55425 3.9 -0.572443331648 0.0983493327743 -0.814024594711
55434 4.05 -0.9802032255 0.167836245247 0.105036334196
55705 4.06 -0.941581896583 0.145427615116 -0.303766918524
56211 3.82 -0.350224386533 0.0439309375225 0.935635052681
56343 3.54 -0.843471827377 0.0998419824331 -0.52781327661
56561 3.11 -0.451150352232 0.0478557618255 -0.891163949978
57363 3.63 -0.394307564819 0.0248041206259 -0.918643728508
57399 3.69 -0.670739931139 0.0408882980246 0.74056471146
57439 4.11 -0.481248296729 0.028353648779 -0.876125645953
57632 2.14 -0.966729855019 0.0462252575573 0.251588181318
57757 3.59 -0.998705289031 0.040506782776 0.0307724911209
58001 2.41 -0.591871871814 0.0159269470695 0.805874692314
58948 4.12 -0.988151041036 -0.022444558733 0.151834653101
59072 4.14 -0.428522463509 -0.0128739497345 -0.903439405653
59196 2.58 -0.63265669933 -0.0230792886605 -0.774088397554
59199 4.02 -0.907683780442 -0.0333456788889 -0.418327886259
59449 3.97 -0.609791221262 -0.0310254617751 -0.7919545992
59747 2.79 -0.517656313241 -0.0342554248153 -0.854902630264
59774 3.32 -0.542928196582 -0.0366077630535 0.838980837111
59803 2.58 -0.951231366798 -0.0656947527847 -0.301401868402
59929 4.06 -0.374139010138 -0.0287217750581 -0.926927753782
60000 4.24 -0.184863995384 -0.0148276240474 -0.982652250176
60009 4.06 -0.43690477214 -0.0352216308835 -0.898817921939
60260 3.59 -0.491788803593 -0.0459540750658 -0.869501003821
60823 3.91 -0.634916627252 -0.0780668498035 -0.768626335355
61084 1.59 -0.537949215194 -0.0736109159267 -0.839757152353
61199 3.84 -0.303735408683 -0.043314134916 -0.951771341883
61281 3.85 -0.341810216972 -0.0502900086297 0.938422447837
61317 4.24 -0.742473752114 -0.110050549747 0.660773489119
61359 2.65 -0.907463731139 -0.13718939489 -0.397100297907
61585 2.69 -0.351480306912 -0.0575279499189 -0.934426095971
61622 3.85 -0.653143294184 -0.108412068951 -0.74943355981
62434 1.25 -0.493795376919 -0.10432729439 -0.863297133888
63003 4.03 -0.526725739935 -0.127897176863 -0.84035843962
63125 2.89 -0.761251154947 -0.189879058893 0.620034371697
63608 2.85 -0.945860114748 -0.263071383459 0.190110732295
63613 3.61 -0.304877127886 -0.0849613421412 -0.948594490409
64394 4.23 -0.840819218106 -0.272613757007 0.467658830723
65109 2.75 -0.752591126383 -0.2761123636 -0.597803110695
65474 0.98 -0.914080987001 -0.356349233777 -0.193574721466
65477 3.99 -0.534530627921 -0.208484513133 0.81903065608
65936 3.9 -0.712483210574 -0.298929447031 -0.634829788485
66249 3.38 -0.915809731379 -0.401477876051 -0.0103947560176
66657 2.29 -0.539642760743 -0.251316177228 -0.803508475276
67153 4.23 -0.750703656189 -0.372966174237 -0.545289146654
67301 1.85 -0.58146508217 -0.294793268971 0.758284436598
67457 4.19 -0.732358681687 -0.378987912659 -0.565702150797
67459 4.05 -0.854520420299 -0.442352441985 0.272248357869
67464 3.41 -0.663146507227 -0.34338996961 -0.665071453848
67927 2.68 -0.832554025577 -0.455259673717 0.315582673769
68002 2.55 -0.593921302682 -0.327653045028 -0.734779537211
68245 3.83 -0.645342598338 -0.366123394125 -0.670437611597
68282 3.87 -0.616502562676 -0.351213388875 -0.704679888807
68520 4.23 -0.862096825573 -0.506026329884 0.0269521205485
68895 3.25 -0.761077806723 -0.468092522788 -0.449054520323
69427 4.18 -0.823124668457 -0.539129849925 -0.178338961244
69701 4.07 -0.824458170074 -0.5561773145 -0.104573039708
70090 4.05 -0.645409107375 -0.454256145123 -0.6140834135
70497 4.04 -0.497870114856 -0.365685997304 0.786383557883
71053 3.57 -0.680264120281 -0.530656938229 0.505612441073
71075 3.04 -0.618177445328 -0.483299144758 0.619902075141
71352 2.33 -0.577099911186 -0.465270851622 -0.671177120543
71536 4.05 -0.502093023759 -0.41347528916 -0.759566179307
71681 1.35 -0.374103020569 -0.312361864687 -0.873199287385
71795 3.78 -0.741017044203 -0.628151574956 0.237316959108
71860 2.3 -0.514951495414 -0.43953297392 -0.735959049274
71908 3.18 -0.321048948156 -0.27541098127 -0.906132641661
71957 3.87 -0.753695023024 -0.649782871204 -0.0986206497616
72010 4.06 -0.61770505541 -0.535336665336 -0.576068675826
72105 2.35 -0.669487076144 -0.587051370772 0.455145847999
72220 3.73 -0.747834351849 -0.663063233057 0.0330292470742
72370 3.83 -0.141304907956 -0.127076678283 -0.981776166356
72622 2.75 -0.706078774287 -0.651986872906 -0.276343775143
73273 2.68 -0.519311088262 -0.512697080995 -0.683708780657
73334 3.13 -0.526537723356 -0.522696440714 -0.670482256848
73555 3.49 -0.533975464094 -0.543116708146 0.647992627333
73714 3.25 -0.627925726832 -0.650626477369 -0.427076654162
74395 3.41 -0.410480100515 -0.457011320509 -0.789079679125
74785 2.61 -0.644009760368 -0.7474433062 -0.163033532034
74946 2.87 -0.235032188162 -0.277400880686 -0.931562462706
75097 3.0 -0.199642441688 -0.239464177353 0.950157778078
75141 3.22 -0.484215230673 -0.584129133483 -0.651405223958
75177 3.57 -0.51341641818 -0.621739662536 -0.591475590006
75458 3.29 -0.322815417022 -0.401965478834 0.856862859715
76267 2.22 -0.529165624061 -0.719650124066 0.449541367667
76276 3.8 -0.582022957051 -0.792335702073 0.182902741056
76297 2.8 -0.444763306215 -0.607360461039 -0.658254412679
76333 3.91 -0.569923062152 -0.781041374524 -0.255268632051
76440 4.11 -0.235072193831 -0.325700587507 -0.915783921559
76470 3.6 -0.515139109415 -0.715730593373 -0.471552134616
76600 3.66 -0.502001718227 -0.708056526494 -0.496638933417
77233 3.65 -0.531401534411 -0.804300292789 0.265920003468
77450 4.09 -0.514995318803 -0.79864605825 0.311358788623
77516 3.54 -0.53773850251 -0.840985778921 -0.0598349611076
77622 3.71 -0.532652860732 -0.842724714766 0.0780767896138
77952 2.83 -0.231796392878 -0.382494923128 -0.89440933919
78072 3.85 -0.494276148679 -0.826360174797 0.269851719202
78104 3.87 -0.446635920081 -0.749865504381 -0.488075895976
78159 4.14 -0.454099231724 -0.767731892111 0.452085865278
78265 2.89 -0.452849941871 -0.775360682981 -0.440162176289
78401 2.29 -0.460368777105 -0.800066577051 -0.384647970684
78527 4.01 -0.257043468267 -0.453755681211 0.853249340574
78918 4.22 -0.380244803572 -0.704658638767 -0.599057670152
78933 3.93 -0.443547958627 -0.823817207773 -0.352973676888
79101 4.23 -0.330243524787 -0.626156773258 0.706305110869
79664 3.86 -0.195303826585 -0.397952455769 -0.896376181226
79882 3.23 -0.427799659783 -0.900164103454 -0.0818048772514
79992 3.91 -0.292616537761 -0.625665823779 0.723130582111
80000 4.01 -0.271189164418 -0.58047944391 -0.767789067583
80170 3.74 -0.392040177163 -0.859451277202 0.328097548916
80569 4.22 -0.37434972075 -0.871572130584 -0.31658222907
80763 1.06 -0.344816401575 -0.82641064993 -0.445137155142
80816 2.78 -0.355263251918 -0.859993786636 0.366331419324
80911 4.24 -0.310018429784 -0.761404364897 -0.569343451978
81126 4.2 -0.270175691406 -0.686784184687 0.67478335741
81266 2.82 -0.316205410401 -0.822481284097 -0.472798768762
81304 4.18 -0.291391786892 -0.762828676837 -0.577220266733
81377 2.54 -0.347643972621 -0.919518213544 -0.18338463202
81833 3.48 -0.256830709964 -0.734389332666 0.628259734891
81852 4.23 -0.0712039143097 -0.204046567042 -0.97636827123
82273 1.91 -0.109611964303 -0.340716096405 -0.933754656712
82363 3.77 -0.155143199555 -0.490464605287 -0.85754012069
82396 2.29 -0.247915631492 -0.788077530041 -0.563446223083
82729 3.62 -0.208064257295 -0.708998515267 -0.673817757399
83000 3.19 -0.265068507749 -0.950370364438 0.162895231966
83081 3.12 -0.148017639206 -0.539392517192 -0.828942996159
83153 4.06 -0.156232716668 -0.578865164995 -0.800316474276
83207 3.92 -0.22097876022 -0.828876064743 0.513938573011
83895 3.17 -0.0911434748428 -0.401053037288 0.911509368178
84012 2.43 -0.206785487377 -0.940102528428 -0.271011066664
84143 3.32 -0.150982032245 -0.71266606707 -0.68506313781
84379 3.12 -0.176921727971 -0.890082791581 0.420061098298
84380 3.16 -0.156036620623 -0.785283183488 0.599151812779
84970 3.27 -0.149547478953 -0.893886968346 -0.42261287174
85258 2.84 -0.0853668065245 -0.559499563385 -0.824422674916
85267 3.31 -0.0832912206926 -0.547413898126 -0.832706789148
85340 4.16 -0.133387712724 -0.902488537224 -0.409538958188
85670 2.79 -0.0786741973555 -0.606425034589 0.791238932368
85727 3.6 -0.0615852735891 -0.485732403077 -0.871935368406
85792 2.84 -0.0789820026987 -0.639579422802 -0.76465678914
86032 2.08 -0.106530052547 -0.97024191132 0.217444203011
86414 3.82 -0.0621528728821 -0.691792234315 0.719416795004
86670 2.39 -0.059299935327 -0.774548474011 -0.629728655118
86742 2.76 -0.0718266369012 -0.994232300089 0.0796433782016
86929 3.61 -0.0265635030294 -0.426149770639 -0.90426254666
86974 3.42 -0.0522990631989 -0.883708925392 0.465105733325
87073 2.99 -0.0414005676867 -0.763495811922 -0.644484397152
87108 3.75 -0.0527466246643 -0.997490553519 0.0472269967993
87585 3.73 -0.0154208614028 -0.546278752746 0.837461474536
87808 3.86 -0.0130131921785 -0.79588955917 0.605301963019
87833 2.24 -0.00922109361878 -0.62259954362 0.782486280849
87933 3.7 -0.00850264299993 -0.872473427087 0.488587580776
88048 3.32 -0.00418678481953 -0.985475575817 -0.169765604001
88192 3.93 0.00281183565908 -0.998687407909 0.0511424956761
88635 2.98 0.0218457971358 -0.862016323722 -0.506409536625
88794 3.84 0.0288447567966 -0.876146903211 0.481180406916
89341 3.84 0.0560101141818 -0.931529563295 -0.359326508647
89908 4.22 0.028941016536 -0.318673455425 0.947422633448
89931 2.72 0.0793595293989 -0.863883009569 -0.497401458453
89937 3.55 0.0272799377472 -0.295599631543 0.954922333401
89962 3.23 0.0926836432454 -0.994407470178 -0.0506312702593
90139 3.85 0.0958743206824 -0.92372721805 0.370858654027
90496 2.82 0.10994981602 -0.896448525155 -0.42929136924
90568 4.1 0.0822069306619 -0.649935857814 -0.755529881129
91117 3.85 0.151433105154 -0.978008050936 -0.143416411084
91792 4.01 0.0594531850262 -0.312883141707 -0.947929036598
92043 4.19 0.185333999556 -0.917874666225 0.350937894378
92175 4.22 0.20368534356 -0.975531139095 -0.0827724439314
92791 4.22 0.188397542273 -0.777190388922 0.600401087136
92855 2.05 0.214097262627 -0.870570050027 -0.443023870837
92862 4.08 0.172154854968 -0.699103722032 0.693986089019
93194 3.25 0.214075204572 -0.813927373202 0.540087065148
93244 4.02 0.24837994829 -0.933126986674 0.259964282216
93683 3.76 0.258695311165 -0.892111382213 -0.370424105193
93747 2.99 0.273344984582 -0.931597370588 0.23960145767
93864 3.32 0.255007874183 -0.848115737833 -0.464403573785
94114 4.11 0.235540006311 -0.753054456959 -0.614353229243
94160 4.1 0.232656685302 -0.737562489809 -0.633934097845
94779 3.8 0.196970160884 -0.563208703599 0.802495303358
95168 3.92 0.332078664933 -0.892073514327 -0.306477740354
95241 3.96 0.251822169324 -0.667851778044 -0.700399598516
95347 3.96 0.271682117129 -0.708799527876 -0.650993130928
95853 3.76 0.23628715295 -0.572519372264 0.785105056494
95947 3.05 0.340582069247 -0.814974730947 0.468849700891
97278 2.72 0.439562105781 -0.879126498819 0.184178593314
97433 3.84 0.153508279854 -0.300702266602 0.941282824063
97649 0.76 0.459258914062 -0.874817008693 0.154196145074
98032 4.12 0.358931404687 -0.65247409276 -0.66741726454
98036 3.71 0.479180749545 -0.870599384895 0.111546045587
98110 3.89 0.397681511692 -0.715187203357 0.574766630392
98337 3.51 0.466913747214 -0.818931970251 0.333679458107
98495 3.97 0.147590609497 -0.254101376001 -0.955850146573
99240 3.55 0.215122948223 -0.341660537531 -0.914871681845
99473 3.24 0.542039166388 -0.840230929858 -0.0143361993356
99675 3.8 0.377320255087 -0.572062986097 0.728267371944
99848 3.96 0.374955463217 -0.558665615315 0.739798033836
100453 2.23 0.443786663593 -0.6208561017 0.646212889223
101076 4.01 0.523427517679 -0.685880775636 0.50556027865
102395 3.42 0.265984651392 -0.303414278324 -0.914981934758
102422 3.41 0.311594500662 -0.354390139669 0.881655542751
102485 4.13 0.59948233643 -0.677029063882 -0.426910499951
102488 2.48 0.550113950008 -0.620591203834 0.558785468432
102978 4.12 0.607592791797 -0.652582660945 -0.452732669454
103227 3.67 0.361472943167 -0.378224053828 -0.852222903039
103413 3.94 0.525701321921 -0.538829120934 0.658256256
104060 3.72 0.520107225462 -0.498193324069 0.693752034862
104732 3.21 0.644465161103 -0.57552758385 0.50342095343
104987 3.92 0.751047630471 -0.653883176481 0.091456264294
105102 4.22 0.586355119171 -0.503384748659 0.634658545235
105502 4.08 0.726216686694 -0.598174250673 0.338816897157
105858 4.21 0.32675807497 -0.258875771135 -0.90896231801
105881 3.77 0.725170680002 -0.573388676796 -0.381251767455
106032 3.23 0.262845126394 -0.204139619135 0.942994939239
106278 2.9 0.793709875937 -0.600499442458 -0.0970827093152
106481 3.98 0.562479560913 -0.416288185593 0.714367475527
107089 3.73 0.179621742128 -0.12404794102 -0.975883260479
107315 2.38 0.817202884567 -0.550242989472 0.171499556829
107556 2.85 0.80347575811 -0.526551080199 -0.277796087215
108085 3.0 0.677541903902 -0.415478592208 -0.6068892056
109074 2.95 0.878353890713 -0.477978315359 -0.00558325320319
109268 1.73 0.602931056948 -0.319785840014 -0.730897501087
109492 3.39 0.46830318656 -0.241566734811 0.849904487628
109857 4.18 0.487952405311 -0.240490259504 0.839086935445
110003 4.17 0.892092450803 -0.431080264119 -0.135428450142
110130 2.87 0.448207805501 -0.212587989791 -0.868283427047
110395 3.86 0.909076241989 -0.415925766585 -0.024210389152
110997 3.97 0.669320206753 -0.279741648152 -0.688298678715
111043 4.12 0.667092339374 -0.277148319467 -0.691503159621
111169 3.76 0.591733857072 -0.241193562911 0.769205244135
111497 4.04 0.932570992284 -0.360980774485 -0.00205543258778
111954 4.18 0.837815914762 -0.302226483298 -0.454668720899
112029 3.41 0.925078064998 -0.330026306031 0.187918096486
112122 2.07 0.644932733327 -0.226258785315 -0.72997858294
112158 2.93 0.815780457271 -0.28487297517 0.50333848805
112440 3.97 0.869909645437 -0.288821910966 0.39979884007
112623 3.49 0.594887244759 -0.191689639233 -0.780617863128
112716 4.05 0.926481282359 -0.293935193028 -0.235020287927
112724 3.5 0.384699586131 -0.121891430385 0.91495830923
112748 3.51 0.867151870058 -0.273385869713 0.416302534818
112961 3.73 0.9487237223 -0.28727251427 -0.131900725132
113136 3.27 0.923268620241 -0.270641661283 -0.272631887453
113246 4.2 0.810311628852 -0.232549912178 -0.537880658225
113638 4.11 0.585208646865 -0.154405405979 -0.796046361866
113726 3.62 0.715713252322 -0.185357078955 0.673347825222
113881 2.44 0.855849105262 -0.214266371283 0.470757082962
113963 2.49 0.937100048227 -0.230338104186 0.262274393286
114341 3.68 0.909905877107 -0.204022715881 -0.361173124983
114421 3.88 0.687605253256 -0.151297510123 -0.710146519477
114724 4.22 0.974745838624 -0.196881605884 -0.105395366835
114855 4.24 0.969221899077 -0.188841986615 -0.157948138454
114971 3.7 0.980984859796 -0.185446351344 0.0572569264334
114996 3.99 0.517375248898 -0.0972254382623 -0.850217658004
115438 3.96 0.926855324779 -0.151080908982 -0.343676833479
116584 3.81 0.685612729856 -0.067320078242 0.724847012634
116727 3.21 0.213305293655 -0.0192780299436 0.976795377375
116771 4.13 0.991383207493 -0.0869180211324 0.0980030280323
116805 4.15 0.712668810343 -0.0610638811052 0.698837870459
118268 4.03 0.992830729671 -0.0029701678034 0.119491925773
