110.5 231.5 16.0
-88.6296296296 221.925925926 40.0
235.833333333 198.555555556 80.0
-204.568627451 152.431372549 82.0
67.2222222222 138.0 31.0
241.666666667 107.0 95.0
6.0 98.5 38.0
-252.146666667 25.1466666667 115.0
117.5 23.0 37.0
210.577777778 -19.5777777778 67.0
252.666666667 -29.3333333333 18.0
0.551598173516 -19.703196347 198.0
237.777777778 -31.0 28.0
25.6060606061 -99.9393939394 49.0
-119.095238095 -134.904761905 36.0
-254.222222222 -160.777777778 51.0
227.939393939 -170.606060606 41.0
-45.8666666667 -175.866666667 23.0
