179.0 234.0 62.0
-88.5 198.5 48.0
233.555555556 175.079365079 85.0
-204.5 130.848484848 103.0
66.5 115.5 40.0
41.0 86.2222222222 31.0
240.115384615 84.9230769231 102.0
5.0 76.7333333333 42.0
-157.133333333 60.1333333333 24.0
-252.942528736 4.05747126437 125.0
116.5 1.5 30.0
0.355191256831 -19.6639344262 197.0
209.555555556 -41.0793650794 79.0
237.5 -53.0 28.0
25.0 -121.5 46.0
-120.866666667 -156.866666667 25.0
-256.577777778 -182.577777778 41.0
228.0 -193.266666667 32.0
-47.4444444444 -198.222222222 18.0
