177.0 210.238095238 66.0
107.5 185.0 23.0
-88.6111111111 175.888888889 51.0
231.555555556 153.079365079 80.0
-204.172839506 109.135802469 115.0
65.5777777778 94.4222222222 56.0
40.2222222222 65.0 29.0
238.75 63.0 110.0
4.42222222222 55.4222222222 48.0
-253.652777778 -16.8611111111 108.0
115.5 -19.5 20.0
0.441828254848 -19.7225300092 197.0
209.354166667 -62.5 54.0
236.5 -73.5 18.0
23.9047619048 -142.904761905 37.0
-122.5 -178.0 25.0
-259.095238095 -204.095238095 35.0
228.095238095 -215.904761905 33.0
-48.5 -220.5 17.0
